0: 500000004
1: 500000004
2: 200000002
3: 900000007
4: 1
5: 1
6: 1
7: 1
8: 1
9: 1
10: 1
11: 1
12: 1
13: 1
14: 1
15: 1
16: 1
17: 1
18: 1
19: 1
20: 1
21: 1
22: 1
23: 1
24: 1
25: 1
26: 1
27: 1
28: 1
29: 1
30: 1
31: 1
0: 500000004
1: 500000004
2: 200000002
3: 900000007
4: 1
5: 1
6: 1
7: 1
8: 1
9: 1
10: 1
11: 1
12: 1
13: 1
14: 1
15: 1
16: 1
17: 1
18: 1
19: 1
20: 1
21: 1
22: 1
23: 1
24: 1
25: 1
26: 1
27: 1
28: 1
29: 1
30: 1
31: 1
0: 500000004
1: 500000004
2: 200000002
3: 900000007
4: 1
5: 1
6: 1
7: 1
8: 1
9: 1
10: 1
11: 1
12: 1
13: 1
14: 1
15: 1
16: 1
17: 1
18: 1
19: 1
20: 1
21: 1
22: 1
23: 1
24: 1
25: 1
26: 1
27: 1
28: 1
29: 1
30: 1
31: 1
0: 500000004 500000004 500000004 1 500000004 
0: 500000004 500000004 500000004 500000004 
1: 500000004 500000004 500000004 500000004 500000004 
1: 500000004 500000004 500000004 500000004 
2: 200000002 200000002 200000002 250000002 928000007 
2: 800000006 800000006 800000006 928000007 
3: 900000007 900000007 900000007 982000007 3924000028 
3: 100000001 100000001 100000001 3924000028 
4: 1 1 1 990424007 1 
4: 0 0 0 1 
5: 1 1 1 990424007 1 
5: 0 0 0 1 
6: 1 1 1 990424007 1 
6: 0 0 0 1 
7: 1 1 1 990424007 1 
7: 0 0 0 1 
8: 1 1 1 990424007 1 
8: 0 0 0 1 
9: 1 1 1 990424007 1 
9: 0 0 0 1 
10: 1 1 1 990424007 1 
10: 0 0 0 1 
11: 1 1 1 990424007 1 
11: 0 0 0 1 
12: 1 1 1 990424007 1 
12: 0 0 0 1 
13: 1 1 1 990424007 1 
13: 0 0 0 1 
14: 1 1 1 990424007 1 
14: 0 0 0 1 
15: 1 1 1 990424007 1 
15: 0 0 0 1 
16: 1 1 1 990424007 1 
16: 0 0 0 1 
17: 1 1 1 990424007 1 
17: 0 0 0 1 
18: 1 1 1 990424007 1 
18: 0 0 0 1 
19: 1 1 1 990424007 1 
19: 0 0 0 1 
20: 1 1 1 990424007 1 
20: 0 0 0 1 
21: 1 1 1 990424007 1 
21: 0 0 0 1 
22: 1 1 1 990424007 1 
22: 0 0 0 1 
23: 1 1 1 990424007 1 
23: 0 0 0 1 
24: 1 1 1 990424007 1 
24: 0 0 0 1 
25: 1 1 1 990424007 1 
25: 0 0 0 1 
26: 1 1 1 990424007 1 
26: 0 0 0 1 
27: 1 1 1 990424007 1 
27: 0 0 0 1 
28: 1 1 1 990424007 1 
28: 0 0 0 1 
29: 1 1 1 990424007 1 
29: 0 0 0 1 
30: 1 1 1 990424007 1 
30: 0 0 0 1 
31: 1 1 1 990424007 1 
31: 0 0 0 1 
9576001
